43.0 93.0 9.0 2.5 1
65.0 44.0 7.0 0.0 2
23.0 12.0 65.0 0.0 3
40.0 54.0 12.0 2.5 4
54.0 45.0 86.0 3.5 5
97.0 63.0 100.0 0.0 6
9.0 98.0 50.0 0.0 7
72.0 76.0 42.0 2.5 8
11.0 93.0 95.0 0.0 9
82.0 86.0 88.0 2.5 10
80.0 21.0 26.0 0.0 11
56.0 50.0 10.0 6.0 12
27.0 34.0 19.0 0.0 13
66.0 99.0 44.0 2.5 14
99.0 86.0 19.0 2.5 15
18.0 17.0 33.0 1.5 16
83.0 59.0 53.0 0.0 17
41.0 0.0 78.0 0.0 18
83.0 71.0 65.0 2.5 19
49.0 63.0 93.0 0.0 20
0.0 67.0 1.0 0.0 21
89.0 98.0 3.0 2.5 22
14.0 68.0 84.0 0.0 23
86.0 79.0 25.0 0.0 24
15.0 79.0 48.0 0.0 25
40.0 27.0 31.0 0.0 26
2.0 35.0 81.0 2.5 27
52.0 69.0 26.0 0.0 28
64.0 100.0 21.0 0.0 29
71.0 23.0 84.0 2.5 30
40.0 36.0 64.0 2.5 31
77.0 74.0 14.0 2.5 32
51.0 62.0 91.0 0.0 33
28.0 74.0 68.0 0.0 34
44.0 79.0 73.0 2.5 35
89.0 31.0 30.0 0.0 36
1.0 91.0 1.0 0.0 37
33.0 52.0 5.0 0.0 38
27.0 49.0 35.0 0.0 39
20.0 21.0 32.0 0.0 40
55.0 92.0 71.0 2.5 41
57.0 11.0 34.0 0.0 42
68.0 40.0 62.0 0.0 43
57.0 33.0 27.0 2.5 44
7.0 54.0 21.0 1.0 45
3.0 25.0 95.0 2.5 46
13.0 21.0 32.0 0.0 47
98.0 48.0 67.0 2.5 48
75.0 50.0 60.0 0.0 49
66.0 23.0 50.0 2.5 50
60.0 60.0 39.0 4.5 51
37.0 4.0 74.0 2.5 52
10.0 61.0 63.0 0.0 53
46.0 96.0 15.0 0.0 54
2.0 20.0 62.0 2.5 55
35.0 60.0 62.0 2.5 56
46.0 35.0 32.0 0.0 57
0.0 45.0 53.0 2.5 58
83.0 76.0 45.0 0.0 59
73.0 86.0 23.0 2.5 60
77.0 32.0 27.0 2.5 61
99.0 14.0 18.0 2.5 62
28.0 18.0 4.0 2.5 63
54.0 77.0 37.0 2.5 64
36.0 64.0 31.0 7.0 65
80.0 17.0 20.0 0.0 66
29.0 53.0 30.0 5.5 67
71.0 28.0 77.0 0.0 68
42.0 38.0 72.0 2.5 69
40.0 67.0 34.0 0.0 70
33.0 57.0 32.0 0.0 71
63.0 51.0 58.0 0.0 72
48.0 41.0 93.0 2.5 73
32.0 58.0 99.0 0.0 74
58.0 24.0 85.0 0.0 75
26.0 95.0 87.0 0.0 76
47.0 18.0 76.0 2.5 77
76.0 60.0 41.0 2.5 78
80.0 67.0 90.0 2.5 79
5.0 37.0 38.0 2.5 80
86.0 92.0 42.0 2.5 81
69.0 58.0 17.0 0.0 82
30.0 65.0 58.0 2.5 83
10.0 12.0 48.0 0.0 84
31.0 65.0 31.0 0.0 85
93.0 68.0 64.0 0.0 86
16.0 38.0 88.0 0.0 87
55.0 81.0 99.0 0.0 88
72.0 45.0 14.0 0.0 89
84.0 48.0 62.0 0.0 90
31.0 99.0 45.0 2.5 91
59.0 13.0 82.0 0.0 92
44.0 96.0 45.0 0.0 93
25.0 54.0 5.0 0.0 94
75.0 85.0 11.0 2.5 95
80.0 47.0 10.0 2.5 96
14.0 6.0 80.0 0.0 97
58.0 71.0 15.0 2.0 98
54.0 73.0 97.0 2.5 99
18.0 24.0 16.0 0.0 100
